1032139
104108
104108
1083071
108363
1095141
1095252
109892
1110201
111653
11175262
111949
1157590
1167568
117705
117722
1204754
120673
120673
1211228
1288
133507
144202
144774
144774
1453457
146921
146921
146936
146936
148108
1487074
152171
1569403
15711259
157261
160954
167147
1693052
169326
171621
1776586
177893
1779054
18252
18297
184534
185319
186641
191363
1918101
1957
197374
197374
198899
204742
2053792
206731
207242
207242
210318
2114903
214674
215454
218211
218286
220411
2205287
220983
220983
221381
225416
225416
226370
226688
2304473
239595
244249
248020
249229
252080
258014
2585792
259754
263799
263799
26479
266397
26712
26712
272427
273968
276856
2837975
2875803
2882941
289819
293592
294706
295686
296646
299084
299084
300436
302501
318556
318980
3191
341938
35299
353593
355461
3572786
36358362
36476
36633
36633
369750
3718312
377283
401862
401969
406168
408581
410642
411367
4183246
430936
43441
436261
436373
43837783
44007
441380
450107
458237
46000
465296
468673
468999
471926
490249
491804
501391
503848
505978
509355
52239
52239
5406295
541641
54549
56293
564876
5928595
60342
6077700
612005
623255
6248749
64965
669854
671777
672573
68252
68252
709245
73047
762988
768863
780728
78904
795044
80994
81225
81225
83084
855472
858745
886811
891169
901421
917953
966227
97201
